$ANSIBLE_VAULT;1.1;AES256
36333934636437633335613335383037623363303139386335386261613433323264323232306534
6135626564633332656261643539373965376132646233380a303361633463333536616564663831
61323833623062313263306561326336343762346164343436613731383436323233356464623265
6235303865306663650a373332303130306563323466363266336633643432666135386564306232
63306531336164333166373066636163656333303733633733373966343037353764303636326564
39646333343934643766666466643037666461343365343966316562613134643633626232646263
63633832303230356563303138623633653261333538633061383737303333326438326263343931
62383339323234313035336436613966373362353138383936623631623638663134656565663439
61346237396238386233343430343965333466306666353930663637383766346166636435373262
62376631613133623433303731373265666663346630313536316132633263323837353864646264
39343236633862343338633235343431346263636364646538323266663631356466643037656364
37343736336562633030616136316231666231656330656536313632623363396665613339306163
62636239623564353133373735353265643662363231626537373363633631323134393831613961
36326565636233366533373737326334386230323163656235623365623334343835323263396538
66313733616333393364356132333331313233346334363030633133363662646438353333396531
34326534343034356234623936646339613834386335623234316664643966356237353962626530
62373438316139343633316662353966363538366139343531303338633137383831633561663262
33613531376362396463393737343564313935663239323132373264326362616134653035363539
63323761353263663066353931633534613264373833303637306164633936353363646132313861
31306265626665393833323864336166323139646530666532653837653634356266313966626664
36346336626464396434313539326534356561336337393163393531333930373863376536613439
36623330383966643564613265643662653236663330323662353236353863666636623036306263
34636161386533303031366463613831316137326465336264393531386662326465653731316532
36663861633163626637366530373562386661383735393766393663663663386661626639333139
35386237646235613633326437646338613133633663343763313566323538663861663434326435
39316264396631653362363566353664656662313334373031376635343736636264613965656233
37323636313037646138613439643763636333663132323661643965333066663862373136363064
35323166613231346461623461373435323839643339333734663132633766613531316239323461
34663366623266653332346566333666363631363262376132663631373731633935653334313266
33306132346635626464656634343564363239316362393934346133316464636432636530613464
61343834346463613531663666313935393438326135366237616562366534613761313230626364
38323662396633333330386331333233316264636131323339303335393361666239656335383838
35316530653763626332316334376565643361663761643534653735633732306438626637366132
64326665333932313766386537303537353133616361303362626634663336636635326133393861
64653864383936366432663765373236343763353634383132396265643835656237313036353233
37356362626531343362333237336138316330393661646338396537303839393030323763616530
38306236643933666338616430656632396563383337623636363666393866336237643530363663
61373533643362346337363232393037316364326230363939386538666136643634666237383864
33323032326631643931666665336566643032386265366232316165373338303136646162656236
30626630373132386539353137323633376665666266643235306138303336666134666431336131
34653835363031373763346133386239643933366562643963626661366236393334663466663265
63633233316463336233376439623233386436656262333362346431643230616566633834303439
63653436323237663661376333656662656636646362653734316638663938376361623439363538
39333334626235666335656565346131373730353331306139363635646333393330666265656563
63353332646363366561366663313030303461613439623065663463323331646365336665313232
61613364303138356539393063343634343433356432656133393661613861306163643333326565
66366362623631653165333436323261653434313138633935323130353634363039306266646530
39346533343831356566353337376465373932306332303134623630303534323863373931623634
61663966363862316432393933623765613233633163373736303835336661343231326430303261
30343362373833303366393635323862333535313733303031653831623932366433343132396531
35353435393330396161366361653163386366343665383262666561323361643232396530363933
31633037333638633737353538366462653366326637316631323231656430356466396261326166
33653935393937303234346638636533646431316238313465613136663830653231643637313733
65636461613064393063356130616164333964356264616238633566636631323565343132396365
62373433613034393239643832623565303963643232333666326235353663656636376165663834
61363438646335316334633365363732303637663535616465313261376635623331626139613666
30633834666634366134646336626334386365643132623261663562353961306534643432323135
36326630663634343061303032383036373963323962363536653165393539383162626336346161
61366131383430626430326533356536303762376462626534353933396561623365383162653763
39393666616131393436366330613337643764653730643963613832356236383963353966373363
31646662653336353666616437643030633936363763366261353330343034333866626365623762
33616238346638313338313838626633303630336563656632633630363337353635333566313737
65666432383137663061653635663736323038653462393834363337666363303265623338376639
39663039376564366239386538663239666132376238393066626266353863663938616537333966
37393732386630356134333637663635323233626135623038383035313837623834383232663731
62666166356338396634353231343665643161626337313630653761323966616563363137653262
30653562323434356561663462613034346231616561393139393864356336316538623863366636
35613265623335326435636238363038366537643664386339306536316663643638626431646439
65396262653536326561623335383936646232326664643233396436663036363062333339336338
32383932623930616436393030376263346239643361313464306262373230653462353566646339
39383066306663363837356563353362396535356465616538303262653539363334626633656462
39363534363039356633373632393964653633366438373839663330363832636133376331316234
30343137363264336135626530663366663633383161376264363166663235613633323565366364
33623861616165316237306461393063343963346333396530616565663831653164363962346163
30373438376237623766626531643939386539363238366535303738383465343036313962626262
39646136653264636462353836366233646465343864323264363763303062346638613337323135
34383162373130623035666534323539303737356466393834306337363131333130396636313161
38336639383034373236623134393664346437613266653030656130653162626233303036376436
39626635623437383565623930653639323361316365326535393863363563623964366433336333
64373336356631633037653636343966643365333765643533336564326262353332326238363539
31653266323465633263356361623630396134626331333461346633316433613233333162353639
31623531643438383838613862316666343332333866343563623638613635663033656261356232
63353433653135346232633363376632313231656461643161636162666462306139383937653931
61363431373435336462633039393261326335323835373531633161616339343737646361386465
61323837386563633232323062656561316337333133663932326164613230313836326362313238
34633432386463353937343364316363636439393330323864376462333733666430306134356565
66666436353936646533333636666234383533303934613735336665383236633466343531633336
38363361316361316161
